91
38 1
38000 
92 2
92000 92001 
27 2
27000 27001 
29 2
29000 29001 
48 2
48000 48001 
73 2
73000 73001 
77 3
77000 77001 77002 
11 3
11000 11001 11002 
34 3
34000 34001 34002 
66 3
66000 66001 66002 
88 4
88000 88001 88002 88003 
21 4
21000 21001 21002 21003 
32 4
32000 32001 32002 32003 
65 4
65000 65001 65002 65003 
75 4
75000 75001 75002 75003 
82 5
82000 82001 82002 82003 82004 
18 5
18000 18001 18002 18003 18004 
37 5
37000 37001 37002 37003 37004 
57 5
57000 57001 57002 57003 57004 
76 6
76000 76001 76002 76003 76004 76005 
2 6
2000 2001 2002 2003 2004 2005 
9 6
9000 9001 9002 9003 9004 9005 
22 6
22000 22001 22002 22003 22004 22005 
62 7
62000 62001 62002 62003 62004 62005 62006 
14 7
14000 14001 14002 14003 14004 14005 14006 
16 7
16000 16001 16002 16003 16004 16005 16006 
31 7
31000 31001 31002 31003 31004 31005 31006 
89 8
89000 89001 89002 89003 89004 89005 89006 89007 
13 8
13000 13001 13002 13003 13004 13005 13006 13007 
42 8
42000 42001 42002 42003 42004 42005 42006 42007 
46 8
46000 46001 46002 46003 46004 46005 46006 46007 
52 8
52000 52001 52002 52003 52004 52005 52006 52007 
53 8
53000 53001 53002 53003 53004 53005 53006 53007 
67 8
67000 67001 67002 67003 67004 67005 67006 67007 
69 8
69000 69001 69002 69003 69004 69005 69006 69007 
79 8
79000 79001 79002 79003 79004 79005 79006 79007 
84 9
84000 84001 84002 84003 84004 84005 84006 84007 84008 
36 10
36000 36001 36002 36003 36004 36005 36006 36007 36008 36009 
40 10
40000 40001 40002 40003 40004 40005 40006 40007 40008 40009 
43 10
43000 43001 43002 43003 43004 43005 43006 43007 43008 43009 
55 10
55000 55001 55002 55003 55004 55005 55006 55007 55008 55009 
56 10
56000 56001 56002 56003 56004 56005 56006 56007 56008 56009 
61 11
61000 61001 61002 61003 61004 61005 61006 61007 61008 61009 61010 
86 11
86000 86001 86002 86003 86004 86005 86006 86007 86008 86009 86010 
90 12
90000 90001 90002 90003 90004 90005 90006 90007 90008 90009 90010 90011 
6 12
6000 6001 6002 6003 6004 6005 6006 6007 6008 6009 6010 6011 
30 12
30000 30001 30002 30003 30004 30005 30006 30007 30008 30009 30010 30011 
64 12
64000 64001 64002 64003 64004 64005 64006 64007 64008 64009 64010 64011 
78 12
78000 78001 78002 78003 78004 78005 78006 78007 78008 78009 78010 78011 
91 13
91000 91001 91002 91003 91004 91005 91006 91007 91008 91009 91010 91011 91012 
59 13
59000 59001 59002 59003 59004 59005 59006 59007 59008 59009 59010 59011 59012 
99 14
99000 99001 99002 99003 99004 99005 99006 99007 99008 99009 99010 99011 99012 99013 
7 14
7000 7001 7002 7003 7004 7005 7006 7007 7008 7009 7010 7011 7012 7013 
15 14
15000 15001 15002 15003 15004 15005 15006 15007 15008 15009 15010 15011 15012 15013 
58 14
58000 58001 58002 58003 58004 58005 58006 58007 58008 58009 58010 58011 58012 58013 
83 15
83000 83001 83002 83003 83004 83005 83006 83007 83008 83009 83010 83011 83012 83013 83014 
3 15
3000 3001 3002 3003 3004 3005 3006 3007 3008 3009 3010 3011 3012 3013 3014 
4 15
4000 4001 4002 4003 4004 4005 4006 4007 4008 4009 4010 4011 4012 4013 4014 
12 15
12000 12001 12002 12003 12004 12005 12006 12007 12008 12009 12010 12011 12012 12013 12014 
20 15
20000 20001 20002 20003 20004 20005 20006 20007 20008 20009 20010 20011 20012 20013 20014 
28 15
28000 28001 28002 28003 28004 28005 28006 28007 28008 28009 28010 28011 28012 28013 28014 
41 15
41000 41001 41002 41003 41004 41005 41006 41007 41008 41009 41010 41011 41012 41013 41014 
45 15
45000 45001 45002 45003 45004 45005 45006 45007 45008 45009 45010 45011 45012 45013 45014 
63 15
63000 63001 63002 63003 63004 63005 63006 63007 63008 63009 63010 63011 63012 63013 63014 
81 15
81000 81001 81002 81003 81004 81005 81006 81007 81008 81009 81010 81011 81012 81013 81014 
87 16
87000 87001 87002 87003 87004 87005 87006 87007 87008 87009 87010 87011 87012 87013 87014 87015 
5 16
5000 5001 5002 5003 5004 5005 5006 5007 5008 5009 5010 5011 5012 5013 5014 5015 
19 16
19000 19001 19002 19003 19004 19005 19006 19007 19008 19009 19010 19011 19012 19013 19014 19015 
23 16
23000 23001 23002 23003 23004 23005 23006 23007 23008 23009 23010 23011 23012 23013 23014 23015 
26 16
26000 26001 26002 26003 26004 26005 26006 26007 26008 26009 26010 26011 26012 26013 26014 26015 
85 16
85000 85001 85002 85003 85004 85005 85006 85007 85008 85009 85010 85011 85012 85013 85014 85015 
94 17
94000 94001 94002 94003 94004 94005 94006 94007 94008 94009 94010 94011 94012 94013 94014 94015 94016 
44 17
44000 44001 44002 44003 44004 44005 44006 44007 44008 44009 44010 44011 44012 44013 44014 44015 44016 
47 17
47000 47001 47002 47003 47004 47005 47006 47007 47008 47009 47010 47011 47012 47013 47014 47015 47016 
50 17
50000 50001 50002 50003 50004 50005 50006 50007 50008 50009 50010 50011 50012 50013 50014 50015 50016 
72 17
72000 72001 72002 72003 72004 72005 72006 72007 72008 72009 72010 72011 72012 72013 72014 72015 72016 
74 17
74000 74001 74002 74003 74004 74005 74006 74007 74008 74009 74010 74011 74012 74013 74014 74015 74016 
93 18
93000 93001 93002 93003 93004 93005 93006 93007 93008 93009 93010 93011 93012 93013 93014 93015 93016 93017 
8 18
8000 8001 8002 8003 8004 8005 8006 8007 8008 8009 8010 8011 8012 8013 8014 8015 8016 8017 
25 18
25000 25001 25002 25003 25004 25005 25006 25007 25008 25009 25010 25011 25012 25013 25014 25015 25016 25017 
33 18
33000 33001 33002 33003 33004 33005 33006 33007 33008 33009 33010 33011 33012 33013 33014 33015 33016 33017 
39 18
39000 39001 39002 39003 39004 39005 39006 39007 39008 39009 39010 39011 39012 39013 39014 39015 39016 39017 
70 18
70000 70001 70002 70003 70004 70005 70006 70007 70008 70009 70010 70011 70012 70013 70014 70015 70016 70017 
71 18
71000 71001 71002 71003 71004 71005 71006 71007 71008 71009 71010 71011 71012 71013 71014 71015 71016 71017 
80 18
80000 80001 80002 80003 80004 80005 80006 80007 80008 80009 80010 80011 80012 80013 80014 80015 80016 80017 
98 19
98000 98001 98002 98003 98004 98005 98006 98007 98008 98009 98010 98011 98012 98013 98014 98015 98016 98017 98018 
54 19
54000 54001 54002 54003 54004 54005 54006 54007 54008 54009 54010 54011 54012 54013 54014 54015 54016 54017 54018 
68 20
68000 68001 68002 68003 68004 68005 68006 68007 68008 68009 68010 68011 68012 68013 68014 68015 68016 68017 68018 68019 
0 20
0 1 2 3 4 5 6 7 8 9 10 11 12 13 14 15 16 17 18 19 
1 19
1000 1001 1002 1003 1004 1005 1006 1007 1008 1009 1010 1011 1012 1013 1014 1015 1016 1017 1018 
10 0

