156
0 2
3951 53602 
4 1
14716 
23 1
71237 
27 2
11962 48688 
37 2
50583 66008 
56 2
48977 92696 
59 2
73532 11895 
61 2
95736 77811 
66 1
51874 
69 2
14377 36263 
71 2
99485 82273 
72 2
81122 59996 
80 2
77309 24518 
81 2
61114 2707 
82 2
94427 9965 
85 1
63509 
87 2
50311 90028 
100 2
48005 32338 
112 2
79703 82288 
125 1
24274 
140 2
54386 94656 
151 2
1063 72914 
157 2
41326 39988 
158 2
90949 35364 
164 1
52394 
178 1
15516 
184 2
15966 71063 
191 1
24983 
202 2
8459 82705 
209 1
74594 
233 2
12612 72800 
239 2
30252 57923 
241 1
82496 
242 2
12081 1303 
244 2
92358 79903 
245 2
11447 10580 
270 1
86761 
304 2
19039 12788 
316 2
75062 34616 
323 2
33393 87719 
332 2
94639 62457 
343 1
94988 
350 1
77973 
366 1
24131 
387 1
45696 
388 2
3461 31811 
390 2
99960 57527 
393 2
15780 10631 
428 2
21178 30215 
443 2
3116 42797 
447 2
81102 93243 
455 1
87818 
466 2
26054 97793 
472 2
21064 47418 
476 1
93908 
478 1
48241 
491 1
73877 
495 1
86434 
506 2
81068 26227 
522 2
7703 3902 
536 2
46009 90852 
543 1
27483 
565 1
47926 
566 2
67314 85408 
569 2
53084 46424 
575 2
14207 40225 
589 2
88561 99351 
594 1
24856 
597 1
6887 
600 1
93375 
602 2
15550 23967 
607 2
99878 78384 
626 1
75777 
630 1
75160 
646 1
60058 
650 2
75284 16622 
653 2
67080 1968 
665 2
33269 84387 
669 1
88252 
676 2
50246 11449 
687 1
64489 
690 1
71265 
693 2
60467 30684 
708 2
20834 53080 
709 1
25835 
715 2
42480 8722 
717 2
27332 71817 
736 1
68656 
772 2
81419 88554 
773 1
62206 
779 2
6157 73120 
793 1
49586 
795 1
71501 
798 1
99636 
805 1
69112 
808 1
58772 
813 2
35347 20730 
844 2
45465 37777 
848 2
39404 81449 
854 1
15774 
894 2
99178 45724 
902 2
8287 46664 
933 2
15611 59202 
936 2
6219 30600 
944 2
24606 37804 
952 2
45257 99864 
959 2
21589 16566 
969 2
6670 5239 
970 2
99601 28313 
971 1
45258 
972 4
77091 64661 8296 9712 
21 4
6246 81491 63175 33763 
32 4
84623 30094 74031 46499 
39 2
48119 43225 
45 4
50023 98639 56446 83130 
60 2
82386 95512 
62 4
45863 19692 38282 75951 
64 2
34983 49970 
83 4
74501 89298 26329 2400 
91 4
11039 63072 25733 70631 
105 4
66755 90938 37897 11613 
117 2
69420 31631 
118 2
292 22941 
121 2
23556 46487 
128 4
13786 29599 69067 85087 
135 4
59567 60482 82685 22991 
142 2
28779 45814 
148 4
34556 53614 23857 37681 
150 2
27753 35187 
155 2
32626 75075 
160 4
98295 63550 18155 29632 
174 2
69942 61754 
179 4
66296 5153 37011 73780 
197 2
32316 12999 
200 4
38000 44905 92860 93172 
212 4
3270 44394 73571 86454 
217 4
59336 20221 21120 11658 
222 2
6498 64570 
231 2
32599 49217 
232 4
70524 95207 21786 91675 
234 4
33939 11406 31676 65469 
247 4
15803 37784 302 73490 
252 4
9005 76994 35488 95917 
267 4
82414 95675 72857 13338 
268 2
30575 97134 
273 4
12842 69257 24801 95436 
292 2
72580 45936 
320 4
80830 88451 59892 45664 
333 4
48412 42871 45165 24411 
335 2
90184 89473 
336 4
14318 28634 46753 30000 
356 2
97677 22310 
358 4
92981 36646 98958 22957 
359 2
1395 2410 
389 2
87814 87322 
410 0

