22
210 240
72048 39042 98657 44476 57512 31084 5738 38698 92636 58120 83578 79331 3997 57296 749 12763 9034 75684 58626 72148 85663 35786 42411 79406 85738 42403 25598 27254 12026 64493 43451 1185 58014 19161 72890 14553 25860 90503 66185 81532 53303 76710 51248 59652 52433 92853 50191 80658 75995 11089 89447 61144 50632 20041 32426 97817 16681 79974 67899 10154 20730 99757 9445 10836 10027 69971 28747 50788 94340 97688 63477 85520 67888 29571 41330 17265 31643 19902 91568 85413 70559 88572 10855 98419 31155 94352 65714 16421 81435 68516 67071 99035 61538 80175 72021 73126 91086 121 744 55665 27501 74776 77067 30524 25887 81913 44873 53155 4894 70269 23213 15527 8217 54140 22463 6643 84378 10973 21217 69819 22064 11634 31890 6290 6094 60190 20446 30945 67175 38631 72035 93051 46707 66931 79269 37845 78093 29049 9133 23873 97695 61011 20226 66157 23002 93457 75197 49752 65519 29168 47067 83485 52624 47094 27856 92815 54080 99034 33571 6088 39858 46877 10766 72647 40806 82769 78540 95518 88411 93986 46774 21737 48535 58530 9829 85929 87111 24776 65616 92233 44523 48840 80119 21069 84867 30654 54079 95638 99163 91363 488 8172 61450 84518 84503 65071 54268 63024 30858 93936 90895 73469 82886 7698 66997 28143 62456 13089 29633 25291 94120 51640 30430 1699 42624 20744 99265 34839 7921 78913 8402 28829 23834 84903 60823 80183 96774 3013 69242 54066 33540 62116 27554 14724 84767 36066 343 37363 4324 55699 
431 237
18426 21297 19075 55445 77011 21499 23237 40723 31021 69485 27480 45917 70601 34951 28992 96954 54005 95589 30469 47851 59992 18893 7502 32021 22890 96435 98710 73487 29528 12218 90678 15168 34921 29663 85834 3558 39103 65575 57392 90534 81610 28800 62134 72262 19662 82226 67951 73174 60992 13960 29290 34907 94081 55725 40295 39178 2858 30973 2588 81847 98972 95143 89330 40083 76058 22893 3999 68770 28068 16169 98151 92226 2244 85919 84077 33304 69665 24182 88229 50747 55982 84326 45169 46090 62689 8378 19487 47122 5598 40195 7263 8192 42621 62081 13851 8962 88687 4830 40750 80882 77572 79805 37863 13662 83313 99121 31827 85744 76694 81338 55605 90536 61119 62211 21800 21227 59108 99969 68838 75662 1431 43737 29436 91798 77951 29150 82369 71431 44210 95715 62512 71095 73379 93587 1977 39047 16612 20458 42173 92753 27545 98527 50381 4209 3181 94990 69962 13696 37827 80654 10757 82383 87171 1347 88294 61787 72195 4326 33436 45978 42558 76749 27932 22959 73950 76913 5894 6797 53527 95060 84812 29652 36765 31925 91329 25324 38638 71162 84565 63459 58690 24008 86951 74223 40671 86627 13449 84654 28893 50832 82137 69982 30304 96293 52499 91046 71145 44399 34793 99712 94467 29800 62357 36019 34093 45988 27976 66772 7642 63082 82346 10807 74407 85453 37402 87337 34143 60647 64060 77153 8907 79031 61302 5018 77206 83266 73701 21587 65585 55647 65912 2264 32588 66020 57162 12044 32501 
112 186
1430 38167 43056 56407 76171 96194 32792 49634 29383 74993 4496 4312 55358 32393 33690 20340 72925 15530 73492 36897 48855 78445 70259 99073 19660 48860 15448 15598 30923 94557 82470 89659 88841 14201 44887 56236 55232 72780 77901 35907 68107 61232 12273 66341 71716 69575 98712 97669 15407 16073 18156 82708 87937 12648 74085 44143 99118 81265 83446 34475 13939 22391 97200 21665 2177 60283 44223 45982 43443 56044 86983 85445 62821 40956 49614 85141 95623 84845 67250 33291 94856 62066 10803 51441 87187 70805 10289 16419 11549 52950 62205 3933 13591 45691 50261 53873 22389 8697 40113 86787 93761 821 98019 63041 95456 10856 53203 29392 61748 49047 79696 11971 96858 26091 80234 96115 42170 94693 824 61855 1284 35451 41159 98369 78227 51450 24267 22244 95607 69682 40096 2106 20331 57762 9095 39130 82123 66969 15399 30493 59037 75877 31406 92856 61248 39478 52419 77779 43580 35764 94980 90245 16258 12471 89958 52262 99866 952 56923 22924 10496 38115 46848 12897 56854 31242 60600 27287 65554 3808 17338 39443 13783 34073 26192 73911 39609 88778 58681 56156 49908 43534 50713 34631 59970 90292 
114 190
71077 88905 67996 17938 24738 25348 51397 54662 58154 57488 5497 40326 51661 79399 71202 327 54935 2092 2323 82029 87042 23543 81906 59353 35741 32095 51977 80534 12004 78132 21092 91592 54493 73117 90950 43368 97898 67949 38242 42982 29605 27782 71622 20288 97512 18801 55389 17487 6635 59861 7781 53505 82152 93529 70316 2583 58616 99822 24433 59999 34988 29476 62697 87430 64818 83876 54024 46507 36136 23576 99893 76584 9910 41188 14199 68901 71935 4233 99972 28486 83031 48743 81652 1 3562 25323 6184 80622 940 61975 8916 49272 86734 36634 54718 41685 12805 71125 30134 86430 76565 78308 65528 14948 68869 24691 6118 62439 52111 8558 80417 98044 66610 30558 93127 45797 22320 40802 93470 30803 73166 33781 15729 76519 57281 88417 80846 73397 72811 71646 94030 935 25611 13262 2322 26252 70812 96131 95037 353 6027 27325 32086 44321 51653 72485 84977 68053 28931 62195 15025 59556 52751 72583 17914 92953 34149 48192 7546 67575 47188 90690 53029 55328 73295 43593 22807 6336 91702 94742 64326 94910 27269 57252 73304 72304 53712 17238 9241 38598 48937 70550 17686 56098 88977 48631 68062 281 63964 20937 
127 165
12558 31014 2689 23789 70028 77496 64358 22150 91765 79279 59523 68481 64294 94962 46453 22991 37644 39882 8588 68877 74849 66788 23978 91455 57398 35244 24278 15760 26769 59081 4153 55391 87635 96219 92028 2696 44471 78001 84053 67429 88266 72165 46627 84728 526 37605 16266 59896 89084 19709 18976 61415 43812 20701 87987 2286 32286 17651 12104 88751 19490 48953 43933 86775 5569 25641 30136 74049 57721 57174 95687 77426 35806 36695 65688 39690 15040 30355 32205 67221 88430 26328 13681 23855 84019 99219 87820 46709 83532 43662 48383 19691 9075 87014 93210 51460 4890 29470 87753 50538 28323 57417 54155 26343 9102 3290 35595 24177 18423 77077 55854 59389 32030 42336 52968 97215 90044 73486 32521 30591 14794 97415 56487 87293 4516 78249 301 54498 70611 43835 24364 29480 45034 17246 5963 63291 28015 81732 15975 53453 61459 51446 70799 36412 23775 86514 38766 17350 91854 46697 80727 55052 58438 9588 86515 98764 44837 810 36983 58952 54581 39232 94682 644 63962 
193 186
13748 26485 31708 75880 19974 30601 63232 79219 81961 72866 80368 62608 9242 45937 34873 87061 84048 65861 23322 48752 92920 78514 19586 16315 55421 29575 21824 67695 70026 21311 90538 10686 5096 91250 1344 37511 32816 9218 88487 37250 49468 86227 59265 39909 341 43768 16755 29826 67869 59117 97800 76925 12557 35896 88674 12939 40977 47040 5587 69852 78071 34037 32688 58829 75576 918 86915 88088 58908 42498 3865 78268 32311 1492 58765 59071 80112 37965 15740 27059 31208 26266 5395 3286 99858 52807 64310 78344 32948 24337 11828 21792 90144 74107 8398 28023 23023 85395 3983 64031 49161 8015 9628 60323 70432 7079 16049 30073 66578 43434 39748 14158 6759 64988 50777 99448 22348 41876 46080 71232 99464 75964 65459 66999 86679 60952 88815 29078 3656 80392 47335 39746 16429 8799 75076 56173 47421 46556 16221 33634 4984 37804 65982 61625 54434 89018 28412 96926 59962 39990 18234 1705 96082 12077 92420 83976 87216 76680 18969 10136 29451 4174 75241 28712 3161 43091 32290 7028 30838 7997 77380 83228 82349 44231 51975 36239 92074 76937 13204 84368 91704 52075 14718 39809 20654 54625 
204 186
43868 54243 43319 26884 99282 76962 12746 91894 57353 45793 90639 87341 46468 80499 82505 21494 57563 10968 45430 85109 43805 86496 14896 33825 33143 31554 98126 46796 61277 16795 99658 54962 29544 60181 90974 78481 83708 57595 7084 95991 91637 92403 86590 98189 74141 23037 25405 2400 41691 3404 51096 24996 6086 33027 71028 38724 13280 27552 52322 81050 16417 52235 31058 4311 24173 50024 62283 45422 96663 15750 94552 63900 68899 42997 1709 18997 73680 24043 98196 75759 38149 94613 32477 19557 53945 57527 85950 21873 35892 11957 20474 35912 39421 54638 26988 84016 48246 58377 23431 48702 14314 64815 22204 21178 94008 61384 29813 96530 29113 56094 99555 91877 32669 66086 1593 97910 57188 68437 3973 66576 28276 10323 7963 25487 28029 122 49744 22736 25661 88629 9924 3581 13820 71045 63289 82240 3859 87667 22863 92451 42310 33744 15405 21198 65278 48506 83957 16239 29215 16717 60291 31057 71695 81040 85217 45883 65452 60073 15051 3226 64366 70676 3961 97627 25352 36806 59271 15476 1302 65376 60264 41701 81298 89560 19191 15308 45276 82442 82061 38912 41399 70429 71020 87682 61041 74640 
516 217
23080 91074 94353 55350 52471 31611 86523 38830 26440 11342 31657 83126 27587 98119 99194 84906 88247 80120 11912 14918 87581 36760 99384 48243 27232 36807 99253 52584 13583 30768 63797 43012 96639 78029 97718 38133 73405 20229 32909 75617 26339 35784 69825 16376 60208 14912 16262 94843 23264 56806 28987 53980 85907 15013 97602 87095 1205 14162 78497 96 17943 36455 80292 8788 95309 23687 57272 11554 21029 20625 14174 65581 52410 3314 85721 80437 33483 52355 20822 73165 8883 49800 70411 21736 8216 71670 70519 62505 52856 54290 39765 85824 32151 89155 35122 9575 72704 80475 21313 61221 26656 72539 47801 21574 76766 49698 42613 24041 47500 74886 15607 86812 23055 13194 56140 31664 34218 37855 34468 40978 13616 59776 62277 8797 19878 74600 69564 68906 95459 35059 63783 45116 6504 92086 80095 64667 13954 29650 43867 98452 93022 92726 4778 30100 12721 8951 29565 13617 16623 79205 67157 85456 89899 6141 32576 43587 54672 68683 13193 81980 72002 27659 87809 48701 89529 17490 55074 89295 35137 94308 76696 88801 58175 25472 62034 54055 22879 35399 77014 29589 82008 74744 34484 87486 31540 40589 26013 79263 14058 68509 52171 55795 10164 89479 14714 97486 62493 47796 24330 97327 24435 57031 50019 72503 74815 61332 76338 15063 2886 98070 63664 42927 73384 55254 39904 45880 82155 
960 109
49114 44261 4772 10246 51876 7544 17016 76539 94952 78074 30117 74361 25961 107 66862 63779 31336 5475 42225 39628 59943 26599 48316 42917 38070 11448 19431 43639 87445 54891 2488 87712 51196 59687 12061 50052 66161 63356 12818 28768 31978 59494 84810 48563 46174 52327 59873 94999 77346 53154 35120 23922 72223 2051 44935 54522 71564 53485 265 62564 64418 50403 94718 50486 89679 946 83591 54465 46962 29567 10869 21090 51861 9966 10637 88364 17116 74055 71219 33843 32705 87227 48693 60256 39021 31496 9546 12806 54143 5725 54444 5471 99784 84873 52636 96093 97687 99308 15855 79676 3101 65075 8638 84320 25355 9421 97240 78036 52283 
21 192
49553 97617 77842 4592 44037 66098 72723 28890 56137 7861 22935 67201 9447 76731 94465 39835 64723 69150 22066 42398 21793 66568 35255 7822 68418 68241 13542 66318 88485 5690 58638 62161 30206 23041 12460 65373 78054 47449 11876 25273 85163 48608 54702 10405 52671 76966 75966 26710 12913 5231 89843 95007 2155 36817 32993 89248 56536 56308 76875 38368 94601 25451 42948 78286 72346 60389 64258 17584 54020 11468 98211 6949 35408 48142 5931 83731 96731 37718 16274 54735 86490 85659 27785 65406 66203 60654 59885 14675 41382 20603 6318 56632 78635 44647 47834 35327 6373 85832 48467 77361 98499 4920 56823 95756 42784 62386 52449 85699 34507 58968 35281 36259 10383 19661 83089 13177 76638 64950 85814 7133 6133 44923 8362 84155 73234 44511 83523 9933 18151 12325 12227 74399 45256 9925 9331 97091 35782 29516 45822 45159 48194 39945 89545 63864 99216 78927 83213 76463 10429 73590 27321 24770 78982 35858 4707 519 65500 16409 38877 27402 74237 95493 96307 14490 85087 63938 58552 64267 7615 96762 43991 42330 63628 52486 65830 22631 49847 55112 36529 69563 89315 14067 18456 66034 85542 74628 13905 44790 53173 80917 76007 21014 
454 256
67550 28915 84667 46597 27889 83696 3651 22618 70246 24675 82457 92385 11679 90265 36856 99756 16248 23364 41591 78867 15933 70314 698 540 82894 62368 60230 8308 73413 67877 27212 41483 30459 71745 54611 4829 42439 41234 74509 5182 55922 99681 1799 46969 88065 65053 36789 70791 42464 69955 41055 42077 30471 55404 47349 41786 25809 66457 84504 81091 27052 26799 56509 76742 2174 57977 22317 72696 52464 70230 62014 94953 62706 82671 76669 16964 28146 70581 24325 64573 92896 60188 78156 79878 40479 13454 33335 96302 65746 87251 77235 69898 82239 67578 46888 87124 56232 43928 92108 17184 23253 20792 72623 12658 41604 78739 34955 54164 67723 4414 53002 66573 39460 11815 36853 88133 61067 80941 72 83767 97243 50229 83687 21471 54090 39039 84376 99148 22340 1483 71221 54543 55535 82866 2915 81455 19562 92329 18221 76927 20409 77847 35383 78346 32110 14807 64576 5404 99267 34368 55114 76684 76099 34329 55555 32529 25820 45980 94771 9406 77984 78490 13570 1867 51481 27881 48751 2168 26848 91203 22400 32679 86681 90188 52581 51832 18800 78978 49207 93900 89314 29558 31104 37021 40768 2136 9611 74130 37336 64405 76250 77648 7375 81587 43215 96469 69440 48978 39002 26095 51264 98154 51033 85466 9496 63429 31877 14317 90801 69129 61263 16132 72230 28662 48734 15727 42708 85526 47499 49455 69077 4464 81220 43190 22775 71595 33056 63304 1243 50567 97698 52420 55295 7780 78120 38296 87493 52723 54995 98573 33565 42396 54942 23953 23346 352 60258 38429 9278 38807 97306 61394 26624 56629 85319 85401 
610 199
19723 80022 46758 38887 69611 83909 7220 6673 58335 78961 2857 79718 22627 54015 44352 12358 83073 7307 46079 82710 59879 81530 96976 13789 29798 58099 39202 83587 4782 36164 53321 29024 82738 6382 77575 27551 30253 23549 7971 66344 67596 53679 50814 95904 43710 57910 61949 40484 78272 69044 6304 16288 51525 2017 24718 2556 23104 4965 56183 43343 56973 350 33879 64385 65338 38266 25449 34021 37809 99487 10466 19294 40090 66434 5494 36598 21251 48923 60818 23464 70392 30826 77919 21146 77148 39263 56761 49223 54627 62571 29717 43687 47079 55927 17484 90707 98867 15529 69319 98493 86382 73937 73008 16397 37643 8808 51343 84857 4436 52427 67142 55589 17175 44138 36182 16232 11309 20865 57200 2365 99951 40304 4533 47997 91613 29693 9804 72813 72153 19020 9823 15866 76166 35888 24012 71434 21642 4476 31348 88698 98230 59394 52551 3935 5888 18519 95302 15809 76031 23702 24351 3263 41003 51300 20543 83839 74686 60164 75791 66737 26865 75846 9206 53337 71205 17211 69038 58627 17445 35189 39114 86258 98350 46521 94180 26384 91827 98767 9645 87706 76763 4781 66882 53036 85987 45925 23479 34064 97655 78920 65640 6484 44519 12914 56564 63753 23454 8650 36756 
624 198
19301 72492 24711 75519 76046 12676 73199 2230 17711 82665 84010 81943 16887 84452 48190 42955 52192 75052 97022 41711 27140 30267 90181 17531 84927 47786 52194 78280 10557 69719 99442 87058 54961 26713 35884 87501 55364 38528 4335 51593 59998 11682 30108 59 96537 9459 31700 22537 58888 64415 15891 54589 79939 85980 30244 79783 96795 90600 75871 30490 12345 19239 3452 84794 59315 66889 48136 19520 65411 67525 40886 65975 84137 64327 89006 56412 81627 76060 93898 77013 99188 86449 20984 48644 85771 99708 16554 75754 73150 92415 29332 77659 7848 48512 1405 31585 86089 67173 45394 71513 75721 51140 85474 96786 32146 26575 17809 3364 98495 18391 73773 80063 56863 21553 66952 78366 29841 31469 20504 45913 57808 30747 65651 75618 59335 55473 31301 38145 75787 81009 68912 52798 58569 66378 60070 49743 23172 84365 63418 78859 80985 76965 71751 8116 68488 59186 51156 24985 12078 43206 90462 20399 7082 92480 47992 71449 20626 86972 30009 48974 97366 50223 73087 18956 79050 50312 49611 667 4420 10223 61097 2135 95859 41795 62798 71999 85755 10764 83814 78246 55525 36797 44222 46718 12961 13453 66663 56133 85836 10664 92035 48594 58850 80365 38987 54585 32108 7875 
667 7
88873 43725 75481 10428 53557 73064 48430 
89 71
9553 33773 36590 88500 70496 73461 20161 89613 60332 53939 11365 15556 80963 39132 83901 55433 59862 84625 21103 97987 48740 29413 83934 77757 77537 34512 79615 44879 79813 96332 42953 92173 71836 75592 16971 70570 5593 59141 63207 25069 11181 14869 39342 75494 49601 86756 12351 84150 83761 58198 39542 65615 3868 56709 47550 56661 40236 37492 56354 54075 85356 81810 50040 97275 41125 20116 71383 50590 90749 58703 92744 
12 99
19216 52179 43114 62768 61843 67488 80068 12150 82646 90933 67985 24470 21563 73110 54660 38541 25393 74065 62530 48553 55695 51251 26483 53219 44291 52377 46640 5379 57572 60422 84191 24032 17982 50245 26589 64986 15864 90885 27099 1821 16375 64716 75958 15401 10240 69170 83451 88114 94606 18255 50471 4196 24298 21701 42820 84185 18828 37693 79318 40078 76380 6145 80921 85341 51717 54304 61577 51461 44671 60828 77084 40229 52634 58525 8656 32424 43 94576 15062 57232 65770 43364 51119 25368 32869 77001 29112 12245 98738 98291 64338 64175 3855 3208 92986 45685 24531 36229 11313 
15 43
84676 58969 18222 52748 35367 59235 87356 63399 8709 44189 42378 8958 59080 82100 87516 62621 14130 980 55773 79034 50277 49922 85505 83648 85045 79668 87066 37229 89219 44384 71190 12655 64192 5171 95288 22570 50057 97136 640 25771 98624 53369 64801 
125 55
35213 3838 15586 67868 33271 74396 6696 4215 10983 776 98641 80938 91387 61333 88234 16660 3144 52288 62003 9552 79930 11118 1730 90535 1012 13446 7536 92625 79022 23365 19035 67549 45042 57470 55339 21451 14899 50575 502 29363 37535 1173 57407 74011 66935 52257 83354 14885 74990 24848 91190 23683 28641 60082 59866 
345 94
10102 33481 19434 71301 38678 41904 58235 46239 967 71140 880 5633 82196 9844 89511 47976 58714 49783 91040 2793 18924 22031 54833 47044 70045 51657 13096 32967 54759 90733 89275 48445 16279 49726 83797 46918 54618 14136 69386 57587 67453 48436 35146 52092 62120 27876 2813 46541 60681 62251 81026 86962 25649 38844 11569 94392 9072 8460 71580 53331 25490 25046 14529 35454 57555 85130 75269 13273 44631 4985 32687 59800 53952 31543 79204 63367 18836 70007 34081 3643 12122 79533 11155 43678 67835 46830 77433 60044 40688 93506 53371 27194 909 18780 
694 210
39524 64397 94233 9877 14571 97138 36312 51078 43383 33867 61054 40953 55133 54271 47120 38632 17113 89888 45251 77397 37238 49460 52103 9857 98020 19427 15198 80704 24343 89316 50915 12774 26509 97099 39789 30202 53767 36511 51180 68742 62162 10773 40557 62239 53271 90196 16199 7514 76765 50148 50530 72024 3099 84231 51920 83946 33162 9761 42404 69599 8619 28458 70602 85982 53182 42422 56213 61961 82187 47865 64448 83274 31506 69304 85523 88723 54989 10964 93142 25116 88481 19284 11516 72364 83942 34080 53452 48619 9360 32523 90043 9490 21455 65425 4377 61894 6447 14481 37873 53163 78309 2507 78471 71959 55049 96856 56273 93192 46265 6784 4199 78267 13923 42824 65628 19344 63077 39932 83518 53413 31727 13837 53440 10761 12343 68242 58866 14265 86135 28198 66273 22125 31819 31862 93732 12398 12401 98519 26973 17589 65633 19457 80641 33698 66598 53224 55633 70589 88030 841 24589 29412 92344 5927 75047 23577 99455 62703 52507 52451 66501 73754 85426 9156 62562 46539 26982 70779 23523 11886 79866 90592 4996 42960 96118 5164 11715 36487 27406 77372 36527 47832 27485 55622 63851 95628 91486 50220 92538 89883 2865 87690 9965 159 22741 21645 46289 73415 13489 61999 91893 9295 46921 37117 72199 77010 18450 11210 76021 57673 
847 90
51217 97129 64991 52238 36565 21548 23784 70891 91027 20912 97611 67423 29987 7506 15502 18089 67379 31441 2273 24609 94844 50171 72250 25903 12422 65333 11260 70704 85762 48381 49080 16809 94444 79908 28482 76282 13529 33611 63330 75989 3100 13596 38298 65467 64130 6347 68394 74675 50222 67303 18021 39561 89739 82834 1823 91701 36176 90880 71010 14913 84177 17167 82013 22559 52606 45864 13269 43751 18517 31783 35774 88648 44095 56338 32736 69074 51492 4678 32957 17258 60337 86858 69809 59955 84446 76945 34150 48647 77440 69264 
330 0

